61 ,

1611616, 1161116661, 221. 227. 229.

heyden 395.

1161636181.

1166611 82. 49. 51. 306. 308. 334.
335. 337. 347.

1113616661 25. 27. 135. 138. 139.
199. ·

1111116666 133. 138. 219. 220. 233.
242. 243. 244. 246. 247. 248. 259.
274. 276. 281. 329. 333. 353. 354.
381. 382. 384. 386. 387395. 307.
398. 399. 471. 472.

11111666 130. 133. 134. 137. 218.
219. 268. 270. 329. 375.

1666661161, 716666116194.

1616166186116611) 69. 70. 88. 89.
103104.

1611116366, cardinal von, 1. 1111116.

16666 158. 284.

1166136666 (16111666), 116666 166
70.

Lucretia von 11611616 11. 50. 57.
58. 6162. 67. 74. 142.

Lucretia von Medici 66.

Ludwig XII, 16613166116611161611
11.50.61.

Ludwig 11, 116613 166 11636111 77.

Ludwig, 166631611661161166 387.

1111661391, 1111116161 166 661 Ρ1611
230.

1111111611 63.

1636116661. 3616111.

11166166 (81616661) 140.

ι 1111116611 (wurttemberg) 409.

11111161, 1611611161,1111111616661 4.
45. 93. 97. 132. 162. 173. 187.
197. 210. 216. 222. 287. 318. 319.
321.

hyon 122. 122. 395. 416. 420.

1166116 22. 404.

1166166616 139. 150. 151. 152. 257.

1111111611 167.

1163661613 132.

11611666 67. 73. 78. 80. 92140.
232. 248. 268. 269. 289. 296. 302.
336. 403. 404. 405. 406. 411. 412.
413. 424. 469. 470. 471.

1161611161 395.

116161129.

116666116 399.

11666116182. 34. 456.

11666νί6161 274. 275. 276.

1166111661, 1116666, 142.

Mauriquez‚ 16616116, 17145146.
147. 148. 149. 152155156. 157.

11661116 340. 666611166, 4. 288.
289. 293.

1611666176661166) 176.

marbach 395.

11613616116 von Navarra (116366-
16616) 5.

11613616116 166 761611, 1161163111
166 3616166 98. 206. 284.

111116, 1661316 von 1163616 22.
185.

116116 316611, 11661316 166 8611611·
1666206.

116116 Τ6661, 11661316 von 11631166
53. 54. 58. 68. 77. 98. 102. 129.
452. 453. 455.

1111111166, 11611 188. 189. 203. 204.
205. 206207. 203. 223.

116116166366 (36666) 166.

1161116, Ambrosius 841. 846. 390.
413. 423.

1161666636, Celsius 395.

11111166636, [nyssae 391. 416. 439.

1161111, Ρ61611161611311 2. 611.
34. 147. 284. 286. 287. 295. 296.
300. 304. 327. 395453. 463.

1161111166 1611361616 66. 62. 68. 28.

1166111661 (Wflrttemberg) 235. 36-
13111611 166, 126.

11611161116611, 1161161 17. 27. 28.
29. 95. 96. 122. 145. 147. 159.
160. 161. 162. 163.164.165.166.
167. 168. 173. 174175178. 179.
182. 183. 186. 195. 197. 213. 214.

 

