485

1111113 175. England 10. 111111515154. 56.
1111611, Zacharias 36. 261. 264. 265. 58. 68. 76. 77. 78. 79. 91. 92. 93.
270. 271. 272. 287. 289. 291. 293. 94ἶ 95. 97. 98. 101. 102106129.
385. 187. 188. 189. 194. 195. 196. 200.
Derendingcn (Whrliembcrg) 83. 202. 203. 207. 209. 210. 230. 288.
111111111. 7111 21. 83. 284. 296. 297. 298. 304. 312. 357.

11111111111111, 313111111111111111 375. 380. 395. 451. 452. 453.
176179. 1111111111, 111111111111181110-

1111111, 11111111304. burg 72.

1111111311 (311111) 94. 112. Erasmus 211.

Dirr, Hans ¹102. 1111111 (1111111) 32. congress 111

111111111111 404. ' 1561 141. 261.

1111111, 11111111148. Ermland 199.

Duria, Andreas 62. Esto 153.v Hippolyl von, 5. 67.

111111111 Susanna, von 8111111 292· 294· 237. 300. 302. 303. 304.
(1311111215. 307. 320. 321. 322. 323

1111111218. [111111. 11111111 von, 54.

111131 51. 62. Fabri 1. 11111113.

11111111111111 boi 54. 383, 11111111111111111 323. 325. 326.

Duhourg, 111133. 327· 344. 412.

Dumoulin (11111111) 41. 51. ca 11111 28. 0114111111184.
231. 235. 2861 285. 291.

Eberhard, 11111111 Wbrttcmbcrg Fargca (Schweiz) 118.

50. 61. 109. 111¹ 1512412411, 1111111, 0111111, herzog 111111-
252. 259. ma 47.-

111, 11111111 216. 454. 111111111(01111111111)334835424.

1611111 17, 116113 111 11131116 54. Felicio 92·

Edussrd 71, kcnig von England 1111111161, 11111118. 23. 29. 48.
10. 30. 50. 52. 53. 58. 210. 284. 81. 82. 84. 91. 92. 93. 95. 96.
453. 99100104. 109. 118. 123136.

1111111111, dr 91. 98. 94. 452. 138. 140. 154156163165166.

1111111111, 3111611111, schambach 170. 171. 175. 176178181185,
(Whrhtcmbcrg) 62. 72. 74. 250. 187. 191. 213. 219. 220. 245. 246.
252. 362. 363. 436. 269. 281. 288. 296. 816. 317. 825.

1111111111, 11111111, 20. 181. 334. 339. 349. 355. 356. 360. 385.

1110111311, 1111111111, 123356. 359. 388. 396. 397. 424. 485. 455. 456.

Elisabeth, kbnigin 111 England 474.

30. 31. 98. 184. 187. 188. 189. 1111111 54. 56. 58. 71189140.
190. 191. 192193194195196. 142. 158. cardinal 111, 1. bute.
198. 200. 202. 203. 204. 210. 213. 1111111, 111111111111111111 132.
214. 233. 302. Flaminio 2.

Elisabeth, 11111111 111 3111111 50. 11116111 77. 73. 98.

111110 36. - 1111111 70. 77. 380.

111111, Η11111111(01111111111)334. 1111111111111 348. 111111 111, 47. Ι
335. 887. 111111, Aulon 182.

 

