491

Ρ6166666 1. 98.

Ρ1616184.

Ρ166666, Johann 665666166166. 173.
178. 179. 195. 198.

Ρ16661666650.

Pfullingen (Whrttemberg) 181. 274.
276. 277. 293. 431. 432.

Philibert von Bhden 66.

Philibort Emmanuel, herzog von
Savoyen 54. 78. 98. 206. 232.
284. 286. 329. 341. 431. 432. 469.

Philipp II, khnig von Spanien 36.
76. 77. 78. 96. 98. 140150153.
165. 171. 19]. 231. 269. 28]. 289.
296. 320. 329. 339. 339. 343. 348.
349. 404. 410. 411. 412. 4l3. 414.
455. 463. 470.

Philipp von Braunsohweig 66.

Philipp, 16643661 von 1166666 96.
136. 139. 387.

Piacenza 269.

91611631.

Piemont 118.

Pinczow (Polen) 26.

Pius 17, papst (Medici) 35. 72. 92.
216. 230. 231. 232. 248. 256. 261.
262. 269. 270. 281. 283. 285. 288.
289. 296. 297. 298. 303. 305. 306.
307. 309. 310. 315. 318. 319. 320.
321. 323. 324. 326327. 329. 330.
334. 335. 336. 3371189341. 342.
343. 345. 347. 348. 349. 351. 352.
355. 361. 375. 376. 377. 382. 384.
385. 392. 405. 408. 411. 412. 413.
425. 426. 439. 465, 466. 469. 479.

Planta, Thomas 465. 478.

Ph'eninger, Hans Dietrich 129.

Poiesy, 66113166636636966 von, 18.
34. 75. 141. 279. 284. 286. 290.
291. 292. 294. 296. 298. 300. 302.
307. 441.

’ Ρ616 (1616166) 6. 20.

Ρ616,11631661(1 67. 68. 69. 71. 79.
90. 92. 93. 98. 100. 103. 199.

Polen 13. 16. 18. 22. 24. 25. 26.
27. 28. 29. 31. 41. 54. 127. 128.
129. 130. 131. 132133134135.
136. 137. 138. 144.154.159.160.
161. 162. 163. 168172173181.
182. 185. 187. 196. 199. 200. 201.
202. 214. 218. 219. 229. 225. 227.
228. 231. 232. 244. 248. 249. 265.
266. 276. 282. 329. 375. 381. 417.
462

Ρ611661,,9666 (16 Morey 378.

Ρ6616((1666536(1661 269.

Ponte, Ν1161666,7666616666 232.

Ρ661666166 (11636616) 86.

Ρ6666116 (71611366) 327.

Portugal 135. 266. 267. 268.

Preussen 22. 24. 27. 31. 41. 127.
130. 133. 136. 138169175182.
199. 216. 218. 219. 220227. 229.
236. 248. 272. 274. 281. 282 283.
284. 300. 301. 369. 373. 374. 375.
376. 377. 381. 385. 386. 390. 400.
417. 436. 473. 474.

Pusohlav, Posciavo (Graubhnden)
9. 303. 824. 326. 462. 463. 464.

Radzivil, Nikolaus, 111666 von, 24.
25. 26. 27. 29. 32. 33. 135. 136.
137. 138. 139. 168. 137. 211. 215.
219. 221. 226. 227. 228. 229. 234.
236. 247. 258. 259. 329. 381. 394.
398. 438. 458. 459. 1111661666
christoph 185. 394. 395. 401. 426.

427. 428. 429. 430. 431. 482. 438.

Rapperswil(Zhrioh1 829.

36666166 279.

36661666 (Kmin) 83.

Regensburg 128. 136. 149. 150.152.
religionugeeprhch von, 454.

1166616, herzogin von Ferrara 11.
50. 57. 61. 65. 66. 67. 68. 72. 73.
140. 154. 295. 308. 311.

116611163660766416665663) 22. 83.
102. 111. 117. 1272472411. 249.
276. 354. 409.

 

