483

111111 106.

8111111111 249. 251.

81111113(170111111113) 175. 1

81111 (111311) 38. 232. 389. 390.

8111181111 18. 33. 34. 189. 265.
266. 267. 299. 357.

81111111 (81101111) 81111 277. 278.
279. 281. 285.

8111111 111 Albona 17. 58. 86. 82.
84. 85. 86. 87. 168. 109. 132.

81111311(171111111113) 415.

111111, Daniel 396.

81111 38. 43. 89. 140. 158. 159. “

188. 281. 286. 371. 400. 401. 407.
461. 462. 463. 464. 465. ,

8111111111111 432. 433 434.

8111111, 8111111, 111811111101-
311215.

8111111437.

8111111, 11111111 111, 1. 1111111111.

81111111111 (8013111113) 33.
242. 243. 245. 247. 249. 359. 368.

8111, caspar 81. 163.

8111, 16113111 [1131111246.

8113111150.

811111, 8111111111 dn 197.

Bellny, 1111 dn 195. 193197. 198.
203.

811Ιί1111 415. 416. 417. 418. 419.
423. 424.

8111112.

8113111 (1111111) 8. 9. 135281.
289. 395. 467.

81131111 (81110) 327.

8111 43. 89. 140. 158. 177. 232.
263. 282 339. 343. 431. 432. 434.

81111101,.11111111 Aloysius 55.

8111111311 (8111111113) 102.

8111111, 31111, 34. 141. 176. 201.
236. 238. 262. 284. 292.

8111, Τ11111111111 28. 34. 47. 139.
140. 151. 257. 281286. 291295.

81111111, 8111111111 269. 300. 302.

811111111111113, 111111111, 1.
811111.

8111111111, 8111111111 34. 292. 386.
441. 442.

81111111 (8111111113) 346.

8111111111 367.

8111111111 (8011111113) 13. 22.
110.

8111111311 (8111111113) 251. 253.
250.

801111 166. 249. 376. 1111111111
brfider¹ 113111311111111, 11111111-
1111111(Ρ111111111, 1811111111) 25.
27. 28. 29. 32. 41. 43. 129. 136.
154. 160. 167. 168. 219. 232. 367.
368. 370. 371. confession 151.
160. 161. 162. 163. 168. 173.

8111311 140. 289. 2963298.

811111 (11111111) 390.

8111111111, 8111111111 89.

Bouquin‚ Peter 304.

8111111, cardinal 111, 31.

8111111, 8111 von, 1111111111320.
321.

8111111, [1111131111. 611111.

811101111111111111, 188. 189. 206.

8111311 47. 277.

8111111, 1111111111 199.

Brnstberger, (1111111210.

8111111113 (81110111) 199.

Brenn 12. 13. 15. 46. 47. 48. 52.
65. 68. 70. 75. 83. 100. 101. 104.
110. 111. 112. 113.114.115,117.
118. 120. 121. 1211231293141.
146. 148. 143181. 199. 200. 203.
220. 259. 284. 300. 316. 362. 365.
367. 368. 369. 372. 373. 374. 375.
376. 377. 378. 391. 441. 451. 457.
catechismus von, 12. 13. 4148.
49. 110. 112.

8111111 70. 342. 391.

8111111, 1111111111 111, 80.

811111 140.

8101111, 1111111111, 1. 8111111.

81111111 78.
31 *

 

