493

Situm, Merum, 300. 318. 478.

811110 V, pnpet 407.

81111111, Friedrich 226.

Slnven, 0111100110 bibelflberuetzung
76. 79. 80. 83. 88. 90. 91. 92.
33100. 101. 100. 109.110.111.
112. 113. 139142167. 179184.
211. 212.

8111011101 212.

Sieidun 20. 63. 70. 71. 91. 95. 98.
106. 144. 145. 288. 289. 316. 317.

8001110, 1101101126.

80111111, 011111 51. 171. 453.

1 8010111111 38. 323. 335. 338. 340.
347. 400. 434.

8010110 (71111111) 38. 390.

80100110 382.

Solo, Petrus de 112. 113. 117118.
121. 124. 149. 150152. 199.

spalatin 2.

Spunien 97. 105. 177. 205. 310. 320.
336. 380. 413. 415. 416. 456. 469.
470. 471.

Speier 123. 127.

Spieru, l'runeeeeo 7. 8. 89. 118.
172. 174.176. 181.

81011111103110011011 131. 169178.
216.

8101οω11123. 109. 110. 111.

810111111οο1 (Wdrtlemberg) 241.

Stella, 3111010010 213. 214.

stettin 32. 217.

80110113 20. 30. 38. 51. 69. 90. 95.
96. 97. 98. 106. 111. 116. 135.
188. 210. 264. 265. 266267. 268.
274. 275. 276. 284. 312. 319. 394.
395. 396. 400. 401. 425. 427. 451.
452. 453. 462. 464.

8110111, Peter 70. 106.

81101111, Philipp 70. Philipp der
jungere 106.

811111, 10111111 264.

stuttgart 19. 26. 37. 65. 68. 71. 75.
88. 99. 100. 113128. 129134.
146. 147. 148. 149. 152186. 200.

'mmmmmmm

257. 267. 273. 274. 275. 276. 290.
302. 305. 307. 312. 328. 341. 344.
351. 352. 359. 365. 366. 368. 369.
373. 374. 375. 3101853116. 393.
394. 399. 402. 415. 427. 429. 437.
438. 441. 460.

Sylvius, Bartholomnus, 82. 86.

8111031111 0101111111 12. 46. 49. 50.
59. 94. -

Turnow 24.

Terracina (llulien) 89.

Tnungel, Luras 142. 215.

Tbeupulue, stephan 48. 85. 88.

Thiene, Julius, grus 1011, 17. 116.
118. 119. 120. 121. 122.]24. 125.
126. 139. 141. 143. 144. 188. 207.
209. 223. 224. 265. 266. 267. 275.
276. 311. 312. 313. 314. 315319.

Thieuville 70.

Timotheus 26. 127. 128. 134.

Tuledo, Franz 101, 77.

Temielri 24.

Tremellio, Emmanuel 266. 451. 452.

’1111110010 361.

7101101110, 511111110110 48. 85. 86.

Tridentium, 0 ’3110111

Trient 138. 324. 326. 840. eurdinnl
101, 0110111010. concil 101,
tridentinum 7. 14. 15. 18. 25. 34.
mmmmmmwmm
169. 170. 171. 172. 199216. 255.
256. 257. 258. 259. 261. 262. 263.
264. 265. 269. 270. 275. 287. 288.
290. 291. 293. 296. 298. 303. 309.
315. 316. 317. 318. 319. 321. 324.
334. 336. 337. 340. 343. 356. 359.
361. 382385. 396. 404. 406. 407.
408. 465.

71100139. 83. 418. 435. 436.

1111111231.

mininie, Alexander 101, 439. 340.

mmmmmmffimm
83. 92. 93. 99. 100. 104109110.

 

