487

417. 418. 419. 420. 423423. 424. 8611161 333.

431. 433. 434. 460. 466. 467. 469. 86116166 11, herzog 6668611616

470. 471. confession 11. 50. 56. 67. 58. 61. 62636667. ·
orry, 1616666, 53. 68. 72. 73. 153. 171.

8166 82. 435. 456. 457. 8611661116 (81666166116161) 175.
11161616(8616611) 90. 91. 8611661613(7711116611613) 48. 429.
(11116161, 1161111116 11. 24. 42. 118. 430. ·

119. 123. 139. 141.167.177.182. 866616 (8613166) 54.

183. 282. 372. 81161661 (86666) 231. 234.
(11161661, 81666661 297. 811666 (8181661613), 611 666,
8611116366, 8611161161 666, 65. 68. 13. 64.

74. 83. 118. 121. 129. 357. 861666166166 75.

(16166 279. 297. 347. 459. 81661666, 8616361116366 (werttemberg) 479.

11. 32. 37. 50. 331. 347. 378. Hcoper 162.

11611, cardinal von 1611116366 866166, 8166161666, 1166161 666

172. 206. 381. 382. 385. 81611666 31. 199. 209. 210. 211. ’

Gundeleheim (86666) 48. 216. 219.
(166666166666 (866616) 131. 86116666, 81666 266.
(1616166, 1161116 666, 165. 181. 161161 168.
(166166, 161166 666 Darius 82. 84. 1666 32. 132. 217.
457. 86611166 84. 2361663666 1611661161 Tunie 231.
166 165. 111. 116. 161. 116. ’1161311(6661116111666

456. 16661166, 1666116661666 5. 39. 94. .-

8611,(77111116161613) 181. 160. 165. 178. 269. 303. 310.

86661161, 1166161 153. 8131166210.

8666613, 3116666616 666 776111661- 1636161661169.

1613 387. 1666161166, inquiritcrcn 6. 8. 15.
86166611, Wolf von 360. 16. 128. 172. 173. 404. 405. 406.
Heidelberg 30. 31. 143. 184. 215. 408.

216. 217. 229. 238. 239. 244. 248. Innehrnck 248.

277. 285. 367. 368. 370. 395. 16161116,16161161161166161611611131.
861111666 48. 132. 181. 210. 220.

Heinrich 11, 116613 666 8166116161 161666, 16613 666 86166666 215.
10. 29. 37. 47. 51. 54. 55. 68. 161666 Friedrich, 1161111161 666
72. 73. 80. 89. 98. 105153165. 8661666 58. 62. 63. 65. 66, 136.
171. 172. 177. 196. 205. 206. 207. 139. 215. .

208· 338· 347· 416. 411418· 421· 161666 Friedrich der 1111111616, 161·-

459. 468. 472. 476. 163 666 8661666 11. 50. 57. 58.
Heinrich lv, 116613 666 816611· 61. 62. 65. 66. 67. 142. 229. 230.

16161 255. 417. 231. 234. 236. 458.

86161161 VIII, 116613 666 8631666 161666 wilhelm, herzog 666 Sech-
53. 68. 98. 666 32. 215. 217. 230. 236. 458.

8686661616, 66613, 3161 666, 355. 1616661116111, 16116366611661·

356. 405. ⁴ 1661613 133. 217. 248. “
861161132. 33, Iohanne d'AlhreI, 11661316 666

 

