44'

1559 23 19111616 ,4 16111111
1661 ’ 16 16 «
² 1561 37 35 «
1562 30 27 «
1563 29 25 ι
1564 36 30 «
1565 13 4 «
111111611 ⁴ 19 16 « «
294 244 111616 50 16111161.

11611 11666 1616116116 anzahl 1166111601 nicht 116 ganzo 611-
1661111611 161161161; 116 61616 1111166 11116166 Pergo 16161
111 11111616 11111161111161111 11111 (161 12 111161166111611661-
6616 6111 116 61111111616161 11616111161111161.

111611611616116111161161 111116 6111 161111. wurttcmbergischen
6111166161116 6111611161, 11616 11161 161 rubrik: Religicnsscchcn
11661. 291116 2⁰8 6116 1161116111116116, 1161111616 6111111113
111161.

11 11161611661161 11161 1616116111

N. 56. 6161111111 1116161 1161611611. 1611111. .

11. 67. 86116116161101111661111161111 1664116 62. 1111161-
611111 11111161.

N. 77. 11111616111111111161.

N. 78. England.

N. 93. Ρ1161. Β1661611.

N. 931. 1161111111. Β116116116611116111101116111111111111-
rich ludecano 1550 116 1168. Face. 1.

N. 113. 121. 1211. 1111116111. 1161111.

N. 217. 218. 241. Polen.

N. 236. 11161 161116611111116 161111616161 6111111101-
11616116111111, 111111.

N. 81 161 161 61161616111116116111111 6111111161.

161 1. cb. 71. 491. 12. 731. b. c. d konnten 116 1113111161
’1111111116 11611 mehr 11116111161111161. Dic 111616 herzog 01111·
6161166111111111 concept vorhanden 111 111 3611616111 11 161
1161161 16111161611111166111111611616111 661161 6611161116 1116611
1116111161 1666116161.

Dicscs 161616 material ist, 61161166 1111111161 111, 111 11116161
166611116611611611111161661611 11611 161 66116 36116611 worden.

 

