495

422. 423. 425.
71101 168.
70301, 1111013110 220.
703101, Κ11111452.
70110, David 241.
volmar, 1101011101 12. 47. 49. 52.
7011101011111 268. 269.
7711611113, 0110101, 94. 112. 209.
771160101011 (Wssrttomborg) 333.

7711601001, 6111160110ὴο 29. 140.

284. 285. 0611110010, 0. Bohmon.

Wornsdorff, 1111101110 von, 159.160.

7711101111 199. 329. “

1701301, 00013 367. 369. 378. 375.

376. 377. 381. 304.
77011111 31. 217. 221.

77106οτ1511οτ 95. 96. 160167198.

370.

Wion 22. 29. 121. 147. 154. 156.
157. 158. 159. 103. 164. 175. 178.

199. 221. 222. 238.
7710010101εῇ, 1011111100 und Potor
7711266816 18. 29. 33. 38. 151. 169.

174. 200. 223. 265. 266. 267. 271.

355. 356. 357. 358.

7711113101 176. 236.
winsia (Bohmen) 110.

,1011110013 1. 4. 10. 11013011.

159. 210.

7170113113, 3161113111 von 2110111111-
okon 32. 80. 82. 186187271.
288. 315. 316. 325. 401.

1701010111, 71111οο11110, 1011111100,
1000311226.

7701110151. 1011310103003111011 von
1540 5. 454. von 1557 141. 150.
151. 152. 169. 176. 181. 441.

Wssrttemberg, confession 12. 46.
49. 50. 59. 94. 115. 132. 199. 211.
223. 224.

2111011 (111010) 37. 264.

2150100111, (10013 226.

2110111, Hieronymus 264. 395. 396.
462.

2011452.

2103101, Ambrosius 174. 175.

211111010011771111101111013) 102.

2011111 38. 43. 48. 51. 60. 89. 104.
118. 147. 152. 158164195196.
213. 263. 284. 286. 296. 327. 329.
330. 338. 339. 343. 390. 410. 434.
462. 464.

Wilhelm 101811160111113 132. 133. 21111311, 17111011, 711131111οτ, 11113-

171110 27. 133. 136. 137. 164. 221.
329. 381. 459.

lisoh 129158. 161. 162. 163. 198.
233. 263. 298. 461. 462.

 

